750 800
3011 1423 3067 996 9454 6764 3157 4 2148 2837 7987 6987 7905 1348 3741 3763 2622 4192 6382 9034 4052 3742 199 4644 663 1767 1181 4880 5331 5426 1312 916 8606 4584 7719 5806 2938 3581 2389 7956 6030 8028 3438 904 1001 901 5309 2109 6330 7023 678 1034 3047 283 1897 5950 9443 147 8775 8083 8483 8315 12 4375 8626 2901 714 138 3929 3551 2879 1160 4043 6008 6267 76 1237 4691 7973 1991 4574 9801 5590 2520 4777 7263 5005 4301 1968 3782 6635 1030 4410 8368 8193 8320 7733 4050 7508 736 2852 8177 8920 3145 235 626 9344 1103 6042 3920 6750 9547 2077 8823 8690 908 6329 8409 8252 5935 7807 3659 5356 1143 3123 8819 5797 7880 4299 6515 9769 2450 3914 403 475 5171 9349 5689 7553 7877 4327 3874 9415 2657 4640 641 3299 8609 3044 9163 7374 6118 6225 9429 4619 4527 315 7098 9023 3166 354 7685 8324 4166 8062 1935 5043 9824 3941 3202 7774 3894 261 3532 279 2077 2964 1508 4750 9228 2561 6779 4264 5340 3454 6396 6142 2054 2983 6089 6875 6512 6047 2985 1666 7186 6398 5452 35 6353 6185 2356 6422 7587 7404 4866 3214 7577 9939 7613 6434 917 5993 3646 847 1086 3594 7605 9202 9687 6772 4511 757 2022 8094 822 2236 778 8234 4278 9770 1718 8386 9774 9878 1097 7920 4919 2123 8353 415 3909 5385 9766 2992 8932 2753 109 962 8539 3985 7143 515 6883 5640 9268 8008 2193 319 4185 3148 6915 8109 8953 8694 4252 1661 7957 8923 9076 9000 376 1956 5963 3149 7646 7313 7053 2495 3383 3622 5246 8063 6141 2726 5079 1478 1867 1261 8853 2030 2633 9910 5826 6179 5936 6154 1377 3648 4559 7064 9294 6343 9433 8555 7930 4728 5994 614 6513 2322 7166 8254 6936 3605 5308 9242 7053 4414 817 8311 380 2902 9288 1433 7224 8567 1936 4371 1513 5829 8676 967 3717 6840 4207 6816 474 3466 1620 923 3904 4983 7343 9606 8029 4154 1416 4206 6605 9893 4467 4583 5282 4955 1911 961 6986 5061 478 5146 5087 790 2860 5424 2715 8528 784 3311 8592 1596 8714 2883 2659 2520 2672 545 5365 2948 2286 2814 1967 9363 578 2756 8320 7525 8974 6725 9994 3308 5420 7104 9947 6239 848 9461 9508 5887 6834 8855 4481 508 5116 1543 5010 211 6785 687 8768 2927 3725 4616 9644 2530 4961 243 1695 9124 4083 7034 1699 4562 4287 5014 3826 4737 372 3539 4418 4201 9022 842 9936 9131 8678 4320 8549 8648 8153 6276 7803 2828 8990 1343 4480 6124 8830 62 5396 2036 1706 4214 7788 1862 7630 323 3528 9818 926 9303 3840 4254 2386 4691 9720 6825 5888 3690 781 5909 7531 1719 6448 6077 446 8508 3697 3783 9494 2119 995 6907 5248 3785 9213 4771 3186 220 3490 3031 2018 3287 7443 4061 7738 9525 9214 7644 8792 7919 6704 8183 1757 3179 6787 8651 5770 4992 9566 3211 3208 528 5513 4231 7678 1290 7197 6229 7751 6069 9043 4989 9383 8793 6807 3308 5377 5335 1912 2270 1489 3109 5024 5772 9932 2293 2726 6314 8241 9373 8250 8703 4849 9161 4166 3281 9765 4047 4079 2231 2386 370 7138 2743 8394 8112 4185 5581 7333 4386 20 7583 2898 2004 8130 8821 1910 1467 7616 1592 2970 8681 3446 5990 5387 8061 9068 7782 9086 9257 7535 2888 1704 6695 8833 5683 1152 1841 5002 563 2022 9149 3093 2032 6290 9242 3619 4808 394 3558 6294 7394 2107 5569 7516 9050 7632 122 2228 8932 7506 7305 6674 8376 1475 753 3612 7830 4009 3025 9126 5246 9146 2286 5497 4327 8942 5121 544 3514 4853 4789 3867 546 1379 6263 6699 9010 4594 6965 4461 3907 6227 4588 4145 6280 781 9619 9871 3263 694 3282 8935 4955 1098 3252 5100 4341 4674 3582 8293 4687 9157 8842 9671 159 8020 7475 4562 1830 4895 9336 9251 6646 8651 9417 4279 6664 2679 7418 1456 5166 3041 4452 9419 9 8393 4967 5458 5960 5630 6493 9328 5733 4798 1764 2328 3179 9989 5333 9226 8978 9052 2557 8127 1686 686 6038 7978 7605 3340 4756 7813 3431 7616 7530 6042 7181 8395 9933 1008 5893 1495 8324 4819 896 7929 7038 313 3281 3237 8264 5494 9942 2204 5180 4348 6305 8506 9152 5169 5446 8147 6523 8013 8718 6625 476 9249
Q 502 703 198
Q 643 655 12
Q 173 605 324
Q 482 679 152
Q 100 675 560
Q 410 745 133
C 524 4561
Q 452 501 11
Q 197 364 138
C 171 951
Q 309 328 3
C 588 3746
Q 733 739 4
Q 200 435 31
Q 416 666 67
Q 271 663 385
Q 61 220 25
Q 231 376 52
Q 122 156 5
Q 118 270 130
Q 490 712 94
Q 125 645 74
Q 156 435 265
Q 98 377 134
Q 280 417 69
Q 265 329 26
Q 46 195 19
Q 432 695 91
Q 293 735 380
Q 64 230 20
Q 94 669 378
Q 545 568 6
Q 350 733 300
Q 447 622 7
C 367 4800
Q 484 563 37
Q 484 711 46
Q 429 695 214
Q 59 179 59
Q 582 710 101
Q 297 604 263
Q 163 604 256
Q 352 370 5
Q 685 725 34
Q 312 394 69
Q 186 194 8
Q 250 484 25
C 624 7557
Q 207 613 159
Q 44 374 179
Q 127 335 188
Q 98 512 58
Q 315 529 139
Q 76 667 122
Q 165 280 81
Q 114 470 236
Q 297 545 69
Q 285 737 68
Q 223 527 55
Q 254 453 139
Q 376 747 277
Q 21 161 121
Q 479 502 13
Q 71 257 134
Q 151 654 346
Q 225 393 156
Q 426 610 28
Q 392 687 262
Q 451 628 4
Q 84 298 100
Q 212 374 115
Q 406 681 240
Q 342 370 2
C 319 1269
Q 497 595 94
Q 189 302 78
Q 39 74 25
Q 165 635 16
C 432 7428
Q 452 727 12
Q 241 265 25
Q 131 494 259
Q 301 671 322
Q 99 566 114
Q 301 448 18
Q 115 737 467
Q 235 604 28
Q 444 467 23
Q 263 571 223
Q 95 144 16
Q 400 726 297
Q 354 434 14
Q 74 120 40
Q 508 595 12
Q 70 328 6
Q 290 303 6
Q 279 554 232
Q 388 608 96
Q 67 515 219
C 544 4026
Q 46 572 91
Q 41 291 26
Q 18 79 26
Q 508 516 1
Q 515 689 172
Q 434 540 74
Q 371 728 146
Q 83 179 97
Q 347 463 103
Q 464 489 26
Q 71 469 100
Q 620 656 1
Q 444 526 71
Q 424 586 1
Q 316 382 12
Q 624 750 51
Q 298 590 199
Q 99 743 36
Q 182 685 285
Q 351 625 207
Q 639 742 6
Q 646 704 39
Q 40 246 69
Q 292 501 80
Q 156 633 114
Q 209 475 32
Q 344 664 213
Q 422 538 9
Q 220 360 17
Q 28 366 314
Q 183 653 371
Q 94 681 251
Q 436 545 87
Q 567 684 101
Q 318 563 7
Q 95 347 251
Q 248 635 333
Q 422 532 13
Q 112 645 53
Q 59 718 431
Q 676 687 2
Q 183 468 182
Q 129 129 1
Q 520 537 11
Q 324 497 107
Q 106 437 23
Q 75 131 48
Q 275 409 128
C 169 4600
Q 413 624 121
Q 12 411 256
C 629 1495
Q 258 439 30
Q 116 274 34
Q 89 510 45
Q 319 423 56
Q 605 683 53
Q 391 677 219
Q 187 410 44
Q 158 169 5
Q 510 667 8
Q 216 531 140
Q 85 651 481
Q 4 335 227
Q 45 508 356
Q 305 422 43
Q 344 676 141
C 504 5368
Q 634 742 85
Q 262 590 85
Q 23 159 5
Q 28 334 261
Q 54 694 436
Q 298 665 195
Q 214 730 367
Q 251 346 13
Q 297 635 75
Q 282 610 7
Q 227 526 29
C 560 2254
Q 32 316 162
Q 354 679 211
C 580 3959
Q 403 749 28
Q 123 316 17
Q 194 343 123
Q 71 593 499
Q 148 721 255
Q 63 504 53
Q 576 700 3
Q 50 341 46
Q 58 623 237
Q 9 59 33
Q 231 269 35
Q 286 360 63
C 300 6669
Q 380 650 20
Q 603 642 30
Q 33 503 231
Q 607 679 30
Q 607 737 9
Q 109 687 209
Q 110 317 141
Q 286 544 200
Q 326 608 205
Q 412 551 130
Q 152 571 13
Q 593 708 25
Q 196 315 119
Q 108 364 133
Q 375 741 266
Q 75 519 350
Q 36 152 63
Q 19 545 479
Q 560 704 67
Q 644 692 6
Q 553 618 21
Q 264 324 37
Q 27 597 157
Q 379 450 71
Q 348 358 8
Q 150 506 184
C 173 6250
Q 127 209 74
Q 410 483 66
Q 412 453 41
Q 297 464 168
Q 235 626 348
Q 88 472 174
Q 87 243 126
Q 18 424 395
Q 428 475 27
C 350 9587
Q 88 650 3
Q 104 181 72
Q 583 596 1
Q 71 174 10
Q 439 478 23
Q 47 486 166
Q 326 450 39
Q 630 696 40
C 667 5980
Q 554 732 33
Q 520 621 7
Q 41 91 19
Q 208 444 129
Q 84 227 7
Q 531 649 53
Q 257 296 11
Q 65 84 2
C 740 2155
Q 395 535 81
Q 58 721 586
Q 283 521 159
Q 58 205 113
Q 79 643 36
Q 558 613 7
Q 65 244 57
Q 297 298 2
Q 355 613 41
C 214 8454
Q 536 693 152
Q 201 239 22
Q 342 693 98
Q 17 345 74
Q 121 209 23
Q 243 623 153
Q 178 562 55
Q 506 641 108
Q 619 724 26
Q 340 513 31
Q 303 650 145
Q 34 718 643
Q 325 366 30
C 321 6102
Q 117 356 118
Q 525 617 63
Q 133 659 387
Q 126 510 243
Q 6 272 42
Q 8 568 338
Q 162 612 392
Q 168 609 431
Q 221 643 214
Q 653 746 74
Q 233 508 10
Q 238 676 309
Q 393 467 22
Q 567 722 28
Q 133 266 62
Q 49 186 130
Q 149 292 131
Q 79 426 17
Q 79 479 89
Q 397 540 26
Q 161 516 202
Q 634 699 2
C 161 4038
Q 144 542 363
C 183 2920
Q 372 477 81
C 69 9102
Q 64 185 27
Q 142 680 173
Q 487 527 20
Q 74 529 49
C 583 1651
Q 285 747 364
Q 5 106 97
Q 177 229 5
Q 353 615 41
C 133 8443
Q 555 726 166
Q 68 685 176
Q 100 557 433
Q 141 502 258
Q 92 291 148
Q 34 716 82
Q 50 301 90
Q 104 589 81
Q 272 381 25
Q 293 388 44
Q 191 344 51
Q 284 446 147
Q 503 715 76
Q 362 440 21
Q 116 257 55
Q 366 619 152
Q 399 566 142
Q 427 660 162
Q 243 438 145
Q 253 693 17
Q 29 355 170
Q 217 519 290
Q 562 660 43
Q 364 447 26
Q 691 697 7
Q 42 472 75
Q 260 748 444
Q 373 590 4
Q 124 578 265
Q 356 733 159
Q 453 467 5
Q 26 378 271
Q 496 647 86
Q 135 571 379
Q 345 491 58
Q 196 313 55
Q 67 156 4
Q 8 562 336
Q 607 607 1
Q 40 360 250
Q 61 262 52
Q 33 614 407
Q 649 718 18
Q 43 230 33
Q 362 596 31
Q 182 234 46
Q 467 703 8
Q 671 725 20
Q 402 516 99
Q 125 386 253
Q 236 480 161
Q 311 748 46
Q 101 310 67
Q 97 340 48
Q 355 626 109
Q 23 283 153
Q 250 481 188
Q 236 627 347
Q 500 593 32
Q 136 577 416
Q 109 528 349
Q 460 661 6
Q 353 564 157
Q 76 250 33
Q 344 471 14
Q 208 352 55
C 285 5467
Q 57 650 212
Q 120 438 64
Q 202 447 75
Q 134 483 218
Q 541 683 58
Q 194 349 118
Q 155 208 41
Q 114 618 295
Q 167 678 349
Q 492 573 19
Q 240 663 275
Q 505 578 64
Q 464 542 5
Q 61 354 34
Q 473 575 15
Q 471 689 80
Q 305 514 111
Q 304 405 41
Q 300 432 90
C 334 2462
Q 460 604 31
Q 138 156 7
Q 213 689 51
Q 114 488 299
Q 86 294 77
Q 56 70 14
Q 460 656 168
Q 97 458 90
Q 189 305 6
C 201 133
Q 86 401 210
Q 129 447 20
Q 224 399 40
Q 90 707 297
Q 49 207 96
Q 158 167 2
C 119 4938
Q 329 381 34
Q 271 580 159
Q 101 662 421
Q 70 496 199
Q 212 358 25
C 487 2321
C 747 6640
Q 269 451 38
Q 100 155 54
Q 465 467 2
Q 139 242 42
Q 351 428 71
Q 80 421 262
Q 67 414 289
Q 383 528 140
Q 58 461 12
Q 338 410 5
Q 55 598 418
Q 245 602 76
Q 419 656 73
Q 2 647 238
Q 166 287 34
Q 369 559 175
C 166 9419
Q 181 567 52
Q 319 461 98
Q 487 534 34
Q 261 422 1
Q 273 672 7
Q 331 658 223
C 432 3246
Q 167 710 382
Q 216 328 16
Q 52 524 166
C 148 5389
Q 313 413 81
Q 61 370 42
Q 31 156 65
Q 193 473 218
Q 212 521 27
Q 112 121 7
Q 145 592 341
C 680 1244
Q 29 236 2
Q 164 541 122
Q 1 678 348
Q 143 381 47
Q 36 367 233
Q 29 331 230
Q 337 609 205
Q 591 710 57
Q 126 156 6
Q 454 487 5
Q 247 537 203
Q 350 435 9
Q 575 665 60
Q 453 713 238
Q 217 683 121
Q 199 245 7
Q 641 698 9
C 632 7674
C 50 7779
C 640 2112
Q 495 557 49
Q 296 633 167
C 121 600
Q 479 606 22
Q 216 255 8
Q 230 332 7
Q 76 452 318
Q 433 536 44
Q 100 119 7
C 337 4897
Q 116 551 428
C 721 219
Q 180 408 229
Q 116 640 426
Q 95 394 203
Q 228 420 46
Q 62 434 332
Q 297 352 12
Q 13 43 20
Q 62 416 310
Q 138 502 179
Q 17 30 5
Q 455 561 103
Q 223 414 182
Q 190 631 132
C 34 5822
Q 341 415 45
Q 138 314 49
Q 462 690 199
Q 302 416 67
C 349 8583
Q 70 100 20
Q 616 625 2
C 281 6245
Q 304 702 100
Q 291 740 344
Q 152 409 223
Q 381 713 317
Q 539 658 76
Q 280 556 242
Q 72 693 434
Q 7 403 374
Q 534 656 59
Q 271 352 54
Q 51 369 302
Q 67 740 165
Q 410 558 91
Q 507 602 84
Q 292 645 124
Q 523 687 160
Q 43 127 42
Q 315 407 90
Q 462 577 8
Q 107 116 4
Q 158 180 21
Q 384 619 81
Q 188 244 19
Q 200 494 260
Q 67 475 73
Q 284 286 1
Q 399 681 281
Q 92 610 273
Q 235 645 257
Q 128 380 175
Q 206 682 370
Q 129 339 47
Q 91 571 1
Q 318 543 61
Q 372 646 258
Q 412 420 3
Q 15 549 492
Q 425 588 64
Q 535 672 104
Q 148 310 48
Q 246 709 158
Q 179 451 33
Q 370 726 156
Q 567 739 95
C 747 3621
Q 67 477 215
Q 179 260 6
Q 13 606 374
Q 401 579 11
Q 203 528 129
Q 288 549 2
Q 287 682 35
Q 104 454 116
C 37 7371
Q 33 583 242
Q 208 438 98
Q 385 399 9
Q 29 144 58
Q 240 730 259
Q 329 565 6
C 46 5819
Q 492 540 34
C 62 8558
Q 107 179 50
Q 6 574 513
Q 140 163 12
Q 193 660 148
C 242 2579
C 656 1295
Q 335 396 51
C 706 335
Q 334 625 289
Q 286 555 30
Q 166 447 200
Q 365 726 186
Q 62 187 7
Q 13 485 92
Q 323 452 13
Q 136 428 222
Q 32 103 53
Q 507 574 20
Q 362 538 16
Q 146 533 102
C 495 9458
Q 346 581 3
Q 264 586 61
Q 70 489 1
Q 289 684 248
Q 336 419 39
Q 46 679 480
Q 315 570 198
Q 153 698 509
Q 115 266 62
Q 358 518 14
Q 358 412 51
Q 374 646 244
Q 598 643 43
Q 167 402 207
Q 426 542 20
Q 346 473 56
Q 109 723 430
Q 143 259 50
Q 508 641 63
Q 325 422 93
Q 45 327 281
Q 25 407 378
Q 412 617 173
Q 32 655 580
Q 303 691 161
Q 448 565 58
Q 219 660 429
Q 541 548 5
Q 478 643 79
Q 320 588 102
Q 397 572 126
Q 531 691 103
Q 14 36 5
Q 383 431 24
Q 309 357 32
Q 78 556 161
Q 76 521 323
Q 282 458 135
C 352 8921
Q 113 148 3
Q 597 646 17
Q 228 332 58
Q 248 316 66
Q 228 548 69
Q 493 533 37
Q 203 316 2
C 299 9573
Q 99 557 406
Q 339 489 30
C 144 7359
Q 44 690 325
Q 75 497 280
Q 46 246 168
Q 128 419 207
Q 19 747 193
Q 194 251 30
Q 59 573 473
Q 80 672 312
Q 84 529 372
Q 219 524 220
Q 318 365 6
Q 160 670 440
Q 265 413 33
Q 61 627 542
Q 391 712 144
Q 113 339 32
Q 343 504 128
Q 1 97 97
Q 232 679 100
Q 254 567 223
Q 189 540 345
Q 380 669 222
Q 289 639 119
Q 208 534 15
Q 49 377 232
Q 155 285 69
Q 93 731 594
Q 159 744 449
Q 152 469 214
Q 187 417 67
Q 329 626 253
Q 347 480 83
Q 435 583 112
Q 320 431 86
Q 22 79 5
Q 467 667 199
C 514 7247
Q 337 522 56
Q 7 340 100
Q 379 393 2
Q 412 722 111
Q 193 581 319
Q 178 631 52
Q 122 696 32
Q 320 341 17
Q 102 254 114
Q 454 693 50
Q 501 661 24
Q 616 627 9
Q 561 578 14
Q 448 720 224
C 186 3734
Q 102 559 413
Q 74 505 145
Q 141 615 129
C 348 5109
Q 400 548 126
Q 555 713 111
Q 307 334 9
Q 119 187 39
C 105 7264
Q 333 520 47
Q 483 735 116
Q 494 532 31
Q 360 416 38
Q 56 255 27
Q 76 257 144
Q 483 678 32
Q 536 594 58
Q 96 649 446
Q 567 573 4
Q 283 603 263
Q 450 499 18
Q 222 482 46
Q 220 514 87
Q 357 713 224
Q 136 652 510
Q 333 567 203
Q 206 649 393
Q 16 595 105
Q 249 338 71
Q 80 722 314
Q 63 228 44
Q 587 598 5
C 492 1694
Q 431 553 64
Q 25 411 365
Q 168 186 17
Q 190 570 231
Q 89 149 27
Q 12 365 284
Q 270 654 272
Q 403 580 85
Q 457 484 25
Q 128 585 409
Q 134 234 13
Q 137 719 251
Q 123 218 14
Q 37 189 57
Q 328 361 16
Q 152 618 324
Q 173 697 196
Q 179 484 298
C 107 8106
Q 705 716 7
Q 316 665 151
Q 184 333 119
Q 194 256 52
Q 174 731 46
Q 658 672 14
Q 79 717 60
Q 41 452 266
Q 409 484 54
Q 429 702 199
Q 417 482 20
Q 105 285 4
Q 77 434 93
C 333 2637
C 707 5192
Q 450 470 21
Q 219 352 11
Q 723 740 10
Q 162 543 51
C 242 251
Q 183 623 113
Q 281 377 29
Q 103 140 19
Q 10 253 152
C 280 1629
Q 198 464 115
Q 209 599 110
Q 477 565 31
Q 344 643 101
Q 467 717 118
Q 240 601 120
Q 150 534 57
C 369 4814
C 614 5673
Q 180 583 151
Q 178 322 43
Q 17 197 176
Q 95 201 97
Q 52 385 291
Q 305 721 309
C 380 3454
Q 98 210 33
Q 232 346 98
Q 100 374 260
C 610 6033
Q 57 393 108
Q 543 737 19
Q 550 556 7
C 89 7501
