10 100
0 9 3 3 8 1 7 1 1 8
Q 2 8 7
Q 8 9 2
C 3 0
Q 3 5 2
Q 7 8 2
Q 8 9 1
Q 1 2 2
Q 7 9 2
Q 1 8 8
Q 2 10 4
C 5 2
Q 2 3 2
Q 3 5 3
Q 3 5 2
C 7 1
Q 7 8 2
Q 3 9 4
Q 8 8 1
C 6 4
C 9 7
C 6 5
Q 2 2 1
Q 5 10 3
Q 2 9 4
Q 3 7 3
Q 4 5 2
Q 2 8 6
Q 5 10 1
Q 2 2 1
C 7 1
Q 1 6 6
Q 3 8 4
C 2 6
Q 9 9 1
C 6 9
C 4 3
Q 6 7 2
Q 2 5 3
Q 7 7 1
Q 4 9 6
Q 5 5 1
C 6 7
Q 5 9 5
C 9 3
Q 7 9 1
Q 3 9 3
Q 4 5 2
Q 9 9 1
Q 2 4 3
Q 4 10 2
Q 9 9 1
Q 7 9 3
Q 3 7 4
Q 7 9 2
Q 1 10 6
C 9 8
Q 2 2 1
Q 2 9 8
Q 3 5 1
Q 7 10 1
Q 5 10 2
Q 3 8 2
Q 2 5 2
C 6 6
C 5 6
C 10 5
C 3 3
Q 9 10 2
Q 9 9 1
Q 7 7 1
C 9 6
Q 8 10 3
C 7 1
Q 3 4 2
Q 8 10 3
Q 2 7 1
Q 1 6 1
Q 3 4 2
C 9 1
Q 7 8 1
Q 3 7 1
C 5 8
C 10 9
Q 2 10 4
Q 3 5 1
Q 2 3 2
Q 5 8 2
Q 1 8 1
C 3 8
Q 6 8 2
Q 2 3 2
Q 1 4 2
Q 2 5 4
C 3 2
Q 1 2 2
Q 8 9 2
Q 7 8 1
C 1 7
Q 4 6 2
C 7 0
