100 50
251 27 157 74 0 45 239 174 194 75 226 14 85 159 50 192 270 147 41 72 203 295 199 258 196 59 215 135 187 167 232 249 71 228 9 5 295 28 141 76 140 266 137 95 44 25 202 283 248 179 255 25 250 280 186 91 211 90 288 242 59 119 186 212 252 91 254 81 147 22 76 197 209 108 46 160 174 26 181 216 28 150 198 68 178 208 103 75 297 287 92 162 81 8 90 98 67 43 51 211
Q 2 83 49
C 52 67
C 17 49
Q 3 11 3
Q 31 37 6
Q 67 77 5
C 18 109
Q 50 92 1
C 18 217
C 42 230
C 79 203
C 26 124
C 32 293
C 29 117
C 98 192
C 24 203
C 36 255
Q 5 9 3
Q 28 76 11
Q 55 83 25
C 13 30
Q 35 80 10
C 51 256
Q 1 31 13
C 70 222
C 84 298
C 39 1
C 1 191
Q 82 84 3
Q 65 100 7
Q 51 68 14
C 9 96
C 63 225
Q 20 85 28
C 77 288
C 42 8
C 70 295
C 12 17
Q 32 95 26
C 6 102
C 63 287
C 11 71
C 93 117
Q 18 48 31
Q 39 96 3
C 40 84
C 42 204
C 32 151
C 62 20
C 76 293
